Vehicle ID,Origin,Destination,Travel Time,Distance,Emissions,Avg Speed,Passengers,Completed
0,1757,383,152,2253.57,4.10447,14.8261,5,Yes
1,1446,382,1386.31,5006.17,5.46935,3.61115,1,Yes
2,1541,1327,63.0996,1026.65,1.73274,16.2702,5,Yes
3,293,1941,1272.04,11659.7,17.7171,9.16615,2,Yes
4,1483,1437,144.3,2750.93,3.0859,19.064,3,Yes
5,13,1382,1645.75,7962.85,12.9651,4.83844,4,Yes
6,1779,1393,1429.6,12873.4,16.1968,9.00491,1,Yes
7,1417,1819,823.746,4420.82,6.33652,5.36672,3,Yes
8,1668,1817,273.507,3858.14,5.27665,14.1061,3,Yes
9,1389,1805,80.4993,1301.62,2.17034,16.1693,5,Yes
10,590,828,73.2995,356.967,0.6993,4.86998,3,Yes
11,1797,400,194.503,3078.2,5.02298,15.826,3,Yes
12,1782,1641,1168.56,8315.46,14.5297,7.11598,4,Yes
13,1556,415,246.406,4344.57,8.20394,17.6318,5,Yes
14,1327,1418,937.718,6549.96,7.51437,6.985,2,Yes
15,1039,1499,213.204,2514.75,3.27119,11.7951,3,Yes
16,1469,1674,171.701,2810.22,3.32616,16.3669,1,Yes
17,1740,1643,400.215,5586,8.8119,13.9575,1,Yes
18,1486,540,884.931,8743.77,9.4904,9.88073,1,Yes
19,1329,1490,1361.71,10430.3,18.0681,7.65968,3,Yes
20,1465,1644,833.743,9065.64,16.0295,10.8734,3,Yes
21,1773,1780,1173.26,8237.11,9.23434,7.0207,3,Yes
22,1466,66,1220.55,10562.6,17.6025,8.65398,1,Yes
23,108,293,1341.72,9923.64,16.7942,7.39621,1,Yes
24,1679,1405,977.908,5187.67,6.01111,5.30486,4,Yes
25,1101,1020,1599.76,8411.17,16.6757,5.25778,5,Yes
26,1854,1615,525.419,5696.63,6.1246,10.8421,5,Yes
27,1470,1627,1101.58,9651.62,12.0704,8.76163,4,Yes
28,1725,1337,319.31,2648.22,2.7992,8.29357,4,Yes
29,187,1377,1579.46,7859.31,10.7535,4.97594,5,Yes
30,47,1687,303.409,3419.51,3.68577,11.2703,3,Yes
31,1552,1108,91.0992,1296.46,1.58353,14.2313,1,Yes
32,1410,1808,1446.69,7230.66,8.30174,4.99806,4,Yes
33,1937,1808,805.25,5152.89,9.60418,6.39912,3,Yes
34,1465,1444,811.949,8256.05,11.3429,10.1682,2,Yes
35,4,1362,466.419,4330.96,5.45013,9.28555,2,Yes
36,1340,397,332.211,3377.78,6.05352,10.1676,3,Yes
37,1442,1507,650.688,4369.78,6.4389,6.71563,3,Yes
38,1470,1540,119.599,2598.23,4.14237,21.7245,5,Yes
39,1404,1536,991.305,5055.28,8.07441,5.09963,4,Yes
40,1914,1335,165.201,1729.58,2.64061,10.4695,4,Yes
41,408,416,107.499,1832.36,3.4858,17.0454,5,Yes
42,834,1715,1241.34,10648.4,14.6633,8.57813,2,Yes
43,1655,1703,61.2996,1040.1,1.74796,16.9675,1,Yes
44,1344,1363,202.003,4233.88,4.34369,20.9595,3,Yes
45,1332,1577,1882.49,8224.11,15.4875,4.36875,3,Yes
46,1770,1658,41.7999,707.171,1.12141,16.918,4,Yes
47,1407,1769,219.704,3223.09,5.65777,14.6702,5,Yes
48,97,1421,68.8995,1512.41,2.61026,21.9509,2,Yes
49,1116,1221,644.89,3266.04,5.49763,5.0645,4,Yes
50,155,1665,567.608,4448.85,5.08679,7.83789,3,Yes
51,1469,1754,194.403,3175.41,3.75595,16.3342,4,Yes
52,1434,1021,748.264,6321.1,10.3168,8.44769,3,Yes
53,1754,1711,119.199,1867.76,2.33582,15.6693,1,Yes
54,1680,34,1540.57,13344.2,14.7923,8.66183,2,Yes
55,1508,71,131.699,1814.25,3.52718,13.7758,2,Yes
56,769,1615,283.708,1174.75,1.54559,4.14071,4,Yes
57,1364,758,1699.73,12893.8,20.2792,7.58576,5,Yes
58,1388,1575,347.212,2862.77,3.96257,8.24502,2,Yes
59,1468,1418,1182.06,9583.08,10.289,8.10711,1,Yes
60,1693,1489,1398.81,7172.05,13.5265,5.12727,5,Yes
61,1654,108,692.278,3971.17,5.78418,5.73638,5,Yes
62,1651,1559,351.712,3879.99,4.25993,11.0317,2,Yes
63,416,421,31.7001,301.868,0.412473,9.52264,4,Yes
64,1338,1038,360.913,2179.52,3.55392,6.0389,2,Yes
65,289,1642,1039.69,7904.39,11.6225,7.60262,4,Yes
66,1505,1749,1039.19,5729.98,9.36272,5.51387,4,Yes
67,1501,1375,56.2997,978.134,1.66168,17.3737,1,Yes
68,1741,1447,484.42,5446.94,5.53287,11.2443,1,Yes
69,47,863,2171.37,14879.5,14.9063,6.85261,3,Yes
70,1685,1631,1424.9,13864.9,21.3982,9.73044,2,Yes
71,284,1510,1386.61,9160.02,17.6885,6.60606,3,Yes
72,1117,1417,1035.09,5102.56,6.63799,4.92956,1,Yes
73,1453,1330,108.999,2064.28,2.48399,18.9386,3,Yes
74,1805,1680,2066.16,15627.9,25.2666,7.56374,1,Yes
75,1436,644,2108.71,12698.9,20.7185,6.02213,2,Yes
76,525,1517,506.422,1755.76,2.14899,3.467,1,Yes
77,1357,1408,1429.4,15510.8,28.9224,10.8513,5,Yes
78,1532,1490,2087.09,12537.7,24.4743,6.00727,2,Yes
79,1575,1880,813.848,6116.56,11.0784,7.5156,1,Yes
80,1648,1380,1577.96,7892.97,13.3935,5.002,4,Yes
81,1497,1662,88.0992,1608.4,2.20258,18.2567,5,Yes
82,323,117,86.7992,329.369,0.341926,3.79461,3,Yes
83,1742,1591,1102.88,10175.9,16.0723,9.2267,5,Yes
84,337,1526,955.814,7212.16,10.2888,7.54557,3,Yes
85,1762,1280,1162.46,5936.78,8.64489,5.10707,5,Yes
86,1802,1463,1874.49,12082.9,23.7652,6.44595,4,Yes
87,1630,1488,1423.3,9747.54,14.0532,6.84855,5,Yes
88,1523,1568,1889.89,9197.5,14.203,4.8667,5,Yes
89,1355,426,344.412,6738.98,12.2998,19.5666,3,Yes
90,1584,407,287.208,2537.6,4.67663,8.8354,3,Yes
91,1683,951,519.02,2777.4,3.65101,5.35124,5,Yes
92,1856,1396,22.2,316.545,0.630991,14.2587,1,Yes
93,103,1820,76.9994,1049.69,1.27582,13.6324,1,Yes
94,445,1515,411.516,1572.56,1.85259,3.82137,5,Yes
95,1866,1599,212.504,3773.08,4.56826,17.7554,3,Yes
96,1766,1728,1930.48,12698.3,12.7415,6.57778,4,Yes
97,1809,1437,660.586,7035.31,11.1098,10.6501,2,Yes
98,642,1675,1042.29,9341.24,15.7274,8.9622,1,Yes
99,57,1887,1794.81,15548.8,23.2851,8.66319,5,Yes
100,1852,1713,714.373,5668.14,6.89047,7.93442,1,Yes
101,1377,656,400.015,2704.01,4.41982,6.75977,4,Yes
102,1452,1384,1480.89,9173.37,9.83255,6.19452,5,Yes
103,427,1264,846.94,7972.89,12.4945,9.41376,2,Yes
104,1794,1611,318.81,3671.03,6.05362,11.5148,3,Yes
105,559,915,243.406,1251.22,1.33316,5.14047,4,Yes
106,781,1509,1706.23,13556,21.6113,7.94498,1,Yes
107,667,1130,1765.42,12777.1,18.5796,7.23742,1,Yes
108,230,1490,1985.76,9685.38,13.1385,4.87741,1,Yes
109,1338,1564,803.451,5664.36,6.29917,7.05004,3,Yes
110,69,1427,618.096,4645.6,4.72575,7.51598,4,Yes
111,1818,1516,1496.58,11422.9,18.4122,7.63263,3,Yes
112,220,1632,847.04,5777.97,11.079,6.82136,2,Yes
113,927,1938,1757.92,11960.3,14.0575,6.80368,5,Yes
114,1638,1677,181.902,1726.79,3.32067,9.49297,3,Yes
115,740,1526,1411.6,12588.9,16.4812,8.91815,2,Yes
116,640,1456,1350.62,10533.9,10.6089,7.79932,4,Yes
117,1424,1512,1824.1,10325,10.7719,5.6603,5,Yes
118,1665,1042,520.92,4132.05,5.89032,7.93222,5,Yes
119,1632,1740,711.973,3988.66,4.42375,5.60226,5,Yes
120,826,1125,1826.4,13909.3,24.4646,7.6157,5,Yes
121,1745,1939,248.406,2737.43,3.07708,11.02,5,Yes
122,1354,305,1198.55,10454.1,16.1894,8.72228,4,Yes
123,1489,1444,194.703,2911.46,3.40987,14.9534,4,Yes
124,111,1614,2079.98,13490.2,26.6577,6.48575,5,Yes
125,112,1624,105.399,1329.92,2.57389,12.618,1,Yes
126,1924,1499,262.507,2688.21,3.43712,10.2405,1,Yes
127,1624,1158,281.008,2575.45,2.71646,9.16503,5,Yes
128,872,1538,1492.28,10145.9,18.2965,6.79893,1,Yes
129,1038,1451,1057.79,8132.23,9.37322,7.68795,2,Yes
130,1513,732,139.699,1279.29,1.44321,9.15748,4,Yes
131,1336,1553,882.432,9073.59,15.1874,10.2825,3,Yes
132,1928,449,2217.81,15056.8,23.5145,6.78901,2,Yes
133,1667,1431,1025.4,9190.18,17.971,8.96256,1,Yes
134,1850,1,676.482,7017.06,7.42434,10.3729,2,Yes
135,1764,428,2528.02,16241.6,26.7846,6.42464,5,Yes
136,1106,1382,1729.72,7323.4,8.76006,4.23385,3,Yes
137,100,1596,347.012,3936.04,5.43107,11.3427,1,Yes
138,1940,1671,65.7996,591.167,0.610383,8.98437,1,Yes
139,1345,1734,259.307,3327.54,5.29102,12.8325,3,Yes
140,1939,1727,356.113,2654.15,4.99629,7.45312,1,Yes
141,1368,764,2397.49,12165,22.5497,5.07407,3,Yes
142,1535,419,620.096,7870.94,12.3994,12.6931,2,Yes
143,1519,1837,1550.57,11952.3,22.7965,7.70831,3,Yes
144,1625,1923,1856.69,12440.1,20.4657,6.70015,5,Yes
145,1826,1351,352.312,2771.4,3.3583,7.86632,1,Yes
146,1659,1452,122.399,1553.79,1.94277,12.6945,2,Yes
147,1417,1695,67.9995,1266.78,2.03643,18.6293,4,Yes
148,1914,1718,1185.06,9800.89,18.2471,8.27039,4,Yes
149,1654,1018,1056.59,7415.05,7.551,7.01791,4,Yes
150,1056,814,822.746,5675.65,7.37558,6.89842,3,Yes
151,1911,883,536.516,2080.95,3.18183,3.87863,1,Yes
152,100,1720,207.803,2494.9,4.39372,12.0061,5,Yes
153,1339,77,1051.29,8550.98,11.1176,8.1338,3,Yes
154,685,1013,465.219,3940.72,7.3813,8.47067,2,Yes
155,1436,1419,621.095,4685.88,7.92299,7.54455,3,Yes
156,1415,1585,1366.11,10070.4,19.5693,7.37158,2,Yes
157,1616,1611,95.6991,1293.31,1.95488,13.5144,5,Yes
158,1462,1077,842.641,7822.79,12.8196,9.28366,1,Yes
159,1433,1515,869.935,9026.57,14.2048,10.3761,5,Yes
160,1515,1915,297.909,3764.21,7.35779,12.6355,2,Yes
161,1342,1770,248.006,3284.23,5.84299,13.2425,5,Yes
162,1108,1327,153.7,2597.16,4.87495,16.8976,3,Yes
163,1496,30,1384.21,12946.8,14.5074,9.35324,3,Yes
164,1546,1375,1592.06,9126.85,11.945,5.73274,2,Yes
165,557,521,91.9992,362.382,0.4245,3.93897,3,Yes
166,1854,4,1062.99,8075.05,11.868,7.59656,5,Yes
167,1784,1020,231.905,2790.77,4.2999,12.0341,5,Yes
168,1086,1698,970.21,4434.87,6.84233,4.57104,2,Yes
169,659,1589,330.811,1604.04,3.14363,4.8488,5,Yes
170,1729,1604,1096.28,8618.28,14.4166,7.86139,1,Yes
171,950,630,95.0991,458.755,0.635861,4.82396,4,Yes
172,1321,1579,1398.71,7826.9,15.1584,5.59582,1,Yes
173,1438,400,655.887,5723.68,9.7068,8.72662,1,Yes
174,509,1809,602.5,4914.16,7.69286,8.15628,3,Yes
175,1322,1719,405.716,2829.39,5.31013,6.97382,4,Yes
176,1801,1368,1262.34,6568.75,9.20468,5.20363,1,Yes
177,59,451,2490.58,13752.9,17.5818,5.52196,1,Yes
178,1807,288,942.417,7612.38,14.2136,8.07751,3,Yes
179,19,1640,567.309,3859.61,7.18083,6.80337,4,Yes
180,1751,1893,856.538,9151.66,17.0471,10.6845,5,Yes
181,1172,234,1088.88,9235.89,10.9244,8.482,2,Yes
182,1578,1603,779.957,8521.5,13.7898,10.9256,2,Yes
183,1533,1691,541.015,4920.67,7.83619,9.09526,4,Yes
184,103,1352,257.106,1685.87,3.01731,6.55711,3,Yes
185,1678,1462,1473.19,6157.08,7.32088,4.17943,3,Yes
186,1819,1512,1810.6,11265.9,17.5804,6.22216,4,Yes
187,281,1770,940.317,6459.66,9.15443,6.86965,2,Yes
188,1220,1450,777.457,3000.95,4.65299,3.85996,3,Yes
189,1858,1744,497.621,4105.05,4.92513,8.24935,5,Yes
190,1556,1487,216.604,4315.51,6.48282,19.9235,5,Yes
191,1939,1367,1019.4,8858.08,17.5929,8.68952,5,Yes
192,1728,19,1337.72,11289.6,16.6294,8.43943,2,Yes
193,396,1527,353.712,4500.32,5.69808,12.7231,3,Yes
194,1400,1376,22,408.805,0.718299,18.582,4,Yes
195,117,1622,1283.73,11590.7,13.9288,9.02893,3,Yes
196,606,1903,131.199,393.324,0.526684,2.99793,1,Yes
197,737,1634,1661.44,11432.3,18.5125,6.88096,2,Yes
198,1338,1318,1130.77,8502.97,11.721,7.51962,3,Yes
199,1063,1925,1505.58,7947.42,12.1673,5.27865,4,Yes
200,1675,981,624.894,6247.07,6.69949,9.99701,4,Yes
201,1094,1329,418.516,2757.44,5.07957,6.5886,3,Yes
202,1339,667,644.89,5517.3,10.4574,8.55542,3,Yes
203,1604,1507,815.548,5533.14,10.9785,6.78457,3,Yes
204,1496,791,657.187,3320.43,6.24581,5.05249,2,Yes
205,423,977,880.932,8537.61,13.5765,9.69157,1,Yes
206,605,1765,1725.43,15015.4,17.9369,8.70243,5,Yes
207,1513,1618,93.0992,1265.36,1.28504,13.5916,5,Yes
208,702,1771,1266.24,11783.4,13.7684,9.30584,5,Yes
209,1529,1486,253.206,4273.48,5.73603,16.8775,3,Yes
210,1469,1805,1180.26,9890.94,16.3374,8.38031,5,Yes
211,1296,1320,5.9,42.085,0.0506099,7.13306,2,Yes
212,1362,1374,67.9995,1340.51,1.38851,19.7135,5,Yes
213,1627,905,2311.3,16752.9,17.1405,7.24824,4,Yes
214,991,1457,839.942,6501.2,12.2499,7.74006,3,Yes
215,704,1765,1847.6,16233.5,26.3149,8.78629,1,Yes
216,1422,193,732.368,7793.56,14.9528,10.6416,2,Yes
217,1356,1399,1826.7,9396.32,9.47256,5.14388,5,Yes
218,1492,1654,1104.38,10321.3,11.9609,9.34581,4,Yes
219,1359,1409,114.899,2215.08,2.31592,19.2785,1,Yes
220,1519,1517,2027.55,15548.5,30.8182,7.6686,5,Yes
221,1619,1252,1269.04,6236.72,7.50568,4.91453,2,Yes
222,1668,1681,91.1992,1104.91,1.74858,12.1154,5,Yes
223,1858,99,563.11,7005.7,10.3524,12.4411,4,Yes
224,1653,1353,607.499,3415.71,6.19454,5.62258,5,Yes
225,1463,639,341.612,3116.21,5.29138,9.12209,1,Yes
226,1582,64,564.209,6768.38,11.2307,11.9962,4,Yes
227,1394,794,2677.26,18523.8,29.6698,6.91892,4,Yes
228,1,1939,2096.89,10189.2,11.1996,4.85918,5,Yes
229,650,1594,1892.78,16384.3,19.2636,8.65618,5,Yes
230,1562,15,939.418,3755.28,6.90361,3.99745,3,Yes
231,395,1444,404.615,5320.07,9.87813,13.1485,1,Yes
232,1386,102,1060.69,10485.7,15.682,9.88579,1,Yes
233,1370,1732,1459.69,6425.9,9.70379,4.40224,1,Yes
234,1396,1584,194.003,1506.09,1.51675,7.76323,1,Yes
235,1390,1872,2267.36,16728.2,21.9027,7.37781,4,Yes
236,55,1703,848.64,4779.38,7.01521,5.63181,1,Yes
237,1740,1360,494.621,5623.36,8.06155,11.369,4,Yes
238,108,491,2340.23,15502.3,19.7051,6.62427,4,Yes
239,1582,1662,467.419,3476.83,4.74332,7.43836,1,Yes
240,1818,1682,1733.02,9755.06,13.4416,5.62892,3,Yes
241,1526,1534,260.407,3244.62,6.11405,12.4598,4,Yes
242,1610,408,827.045,7441.3,7.70538,8.99746,1,Yes
243,1810,1440,460.619,6631.93,12.2486,14.3979,2,Yes
244,1816,1869,977.908,7014.78,12.5149,7.17325,5,Yes
245,1454,1775,106.499,1716.43,2.28,16.1169,3,Yes
246,335,1824,1187.26,10002,14.7676,8.42445,1,Yes
247,209,1551,857.838,6781.68,9.04176,7.90555,3,Yes
248,1748,1343,72.5995,1474.91,2.64726,20.3157,4,Yes
249,1370,994,1712.63,7847.02,10.6712,4.58186,1,Yes
250,1009,1794,144.7,780.175,1.37792,5.39169,1,Yes
251,1382,1786,135.699,1694.63,3.0156,12.4881,2,Yes
252,1338,34,1100.68,8478.44,14.3677,7.70292,4,Yes
253,1399,1608,114.999,1628.04,2.36576,14.157,1,Yes
254,1439,1940,711.973,4912.84,6.45806,6.90032,1,Yes
255,1567,1178,1148.77,10021.7,13.4614,8.72388,3,Yes
256,1202,1384,2052.45,11678.4,13.3935,5.68998,1,Yes
257,1386,1775,749.864,8738.81,14.1743,11.6539,5,Yes
258,1683,1411,1106.48,10294.7,12.0771,9.304,3,Yes
259,1627,1937,1397.61,6619.89,12.8493,4.73659,2,Yes
260,1792,558,878.633,7809.94,9.50066,8.88874,5,Yes
261,1361,1729,2015.65,8805.82,16.1979,4.36871,2,Yes
262,1053,387,308.71,3117.93,6.14709,10.0999,2,Yes
263,1488,112,1133.37,9328.02,15.4109,8.23033,4,Yes
264,700,1621,1979.46,17234.2,20.0101,8.70649,5,Yes
265,37,1543,389.415,3575.2,4.68593,9.18097,3,Yes
266,1481,1358,103.099,1865.88,2.88718,18.098,3,Yes
267,350,42,1231.75,10742.9,14.2051,8.72168,2,Yes
268,995,1377,127.999,1320.72,1.51076,10.3182,5,Yes
269,768,1416,1721.93,16083.1,28.7292,9.34019,1,Yes
270,1535,1870,2281.07,14064.3,27.7369,6.16566,3,Yes
271,1924,1082,1212.85,9689.92,13.0821,7.98938,2,Yes
272,1551,1556,143.9,1828.3,2.86355,12.7054,1,Yes
273,1475,83,424.317,3910.3,4.8613,9.21553,5,Yes
274,1862,1571,542.315,4342.06,6.44841,8.00654,2,Yes
275,1661,1626,1251.44,10624,15.7244,8.48944,2,Yes
276,1608,1347,47.9998,302.885,0.312774,6.31013,3,Yes
277,1350,1393,337.111,4256.38,8.0199,12.626,4,Yes
278,1646,1624,710.873,5196.76,7.44294,7.31039,3,Yes
279,1371,1466,1544.67,8078.42,8.17482,5.22987,5,Yes
280,1657,1348,1552.77,10024.8,13.6007,6.45611,2,Yes
281,1544,1610,1114.97,9514.35,12.5045,8.53325,1,Yes
282,1445,1606,1296.73,10835,16.107,8.35564,5,Yes
283,224,1632,907.725,5942.43,6.53742,6.5465,1,Yes
284,1436,1520,536.116,3150.03,5.08784,5.87564,3,Yes
285,1942,1362,861.637,5029.36,9.90463,5.83699,2,Yes
286,1740,1349,547.813,5730.93,9.38029,10.4615,5,Yes
287,1498,729,392.315,2397.63,3.91472,6.11149,1,Yes
288,1241,914,2420.91,14692.1,24.2361,6.06885,3,Yes
289,1823,1816,1922.58,11748.4,20.6478,6.11077,4,Yes
290,1558,1610,1400.51,9486.49,13.9892,6.77362,5,Yes
291,1923,1513,175.402,2690.69,4.04017,15.3402,4,Yes
292,1404,1514,1704.83,13611.3,22.2799,7.98396,1,Yes
293,1546,1556,107.399,1418.17,2.51951,13.2047,1,Yes
294,1083,1714,250.106,2370.57,2.9675,9.47825,4,Yes
295,400,26,986.006,8104.84,14.2491,8.21987,4,Yes
296,39,1856,1523.38,6829.59,12.1234,4.4832,4,Yes
297,1721,97,804.951,4719.38,7.10774,5.86295,3,Yes
298,281,1724,1091.58,5960.65,10.8679,5.46057,3,Yes
299,223,1430,909.725,6162.11,11.3636,6.7736,5,Yes
300,1407,1157,323.111,2068.21,3.27068,6.40094,5,Yes
301,1644,1614,1539.27,10732.4,18.1624,6.97238,4,Yes
302,992,1716,852.239,6064.79,10.5155,7.11631,5,Yes
303,1942,1559,733.668,4673.39,5.06912,6.3699,2,Yes
304,1262,1471,1256.24,7466.63,13.1224,5.94363,4,Yes
305,1574,397,732.668,5076.45,8.01342,6.92872,5,Yes
306,1577,15,1138.27,11119.9,15.4191,9.76912,3,Yes
307,1350,1525,893.829,5325.43,8.25174,5.95799,5,Yes
308,105,1812,590.303,4774.7,6.15212,8.08856,2,Yes
309,526,1406,1478.29,15836,29.164,10.7124,5,Yes
310,467,1425,1229.55,11120.4,12.6247,9.04429,1,Yes
311,1734,1665,96.2991,1498.69,2.65224,15.5629,3,Yes
312,1396,1843,379.514,3337.49,5.73069,8.79411,2,Yes
313,1749,1727,606.999,5189.15,8.76305,8.54886,5,Yes
314,17,623,2447.54,14946.1,16.2104,6.10659,3,Yes
315,1942,1306,861.137,4122.55,4.22546,4.78733,3,Yes
316,1486,1271,780.956,7599.46,14.4575,9.73097,3,Yes
317,1793,1869,318.91,3793,7.0842,11.8936,5,Yes
318,1157,1713,767.96,4106.21,8.12196,5.3469,1,Yes
319,1341,1565,251.406,3233.12,4.92814,12.8602,4,Yes
320,1513,103,1367.11,12232.8,18.0088,8.94793,1,Yes
321,1362,1588,505.922,3600.76,4.3229,7.11723,1,Yes
322,1436,1367,142.7,1773.36,3.03885,12.4272,4,Yes
323,47,1339,1731.62,8006.29,11.1942,4.62357,3,Yes
324,1556,1355,113.199,2155.95,3.60726,19.0457,4,Yes
325,1565,1585,904.926,4500.66,4.89304,4.97351,2,Yes
326,1889,1381,913.624,6314.13,9.21563,6.91109,5,Yes
327,1020,1852,640.691,5711.28,6.38846,8.91425,4,Yes
328,1287,1781,1726.43,11007.3,15.4849,6.37575,2,Yes
329,1410,1656,100.599,1380.76,1.78509,13.7254,1,Yes
330,1407,1463,2078.98,12559.5,16.2996,6.0412,5,Yes
331,741,416,1188.06,9868.38,10.2123,8.30632,2,Yes
332,1094,97,895.328,3714,6.32689,4.1482,3,Yes
333,1474,1338,418.516,3937.91,6.28953,9.40922,4,Yes
334,1740,347,539.115,4364.36,7.79483,8.0954,2,Yes
335,1381,1556,380.114,4278.21,7.24029,11.2551,4,Yes
336,1622,1525,1242.94,6649.29,9.71254,5.34963,3,Yes
337,1019,1614,287.008,2702.34,3.74066,9.41553,5,Yes
338,1590,1855,633.692,5152.83,9.17383,8.13144,1,Yes
339,665,842,64.2996,357.172,0.680747,5.55481,4,Yes
340,1421,1511,1940.97,14764.6,26.2029,7.60681,3,Yes
341,1875,1878,38,359.205,0.427948,9.45276,4,Yes
342,703,1383,641.39,3901.79,7.49335,6.08334,1,Yes
343,1339,1682,349.612,3318.4,3.51253,9.49166,1,Yes
344,1597,1712,1134.77,5821.14,8.17555,5.1298,3,Yes
345,419,1717,451.018,5143.98,8.87391,11.4053,4,Yes
346,1528,59,432.217,3309.96,5.99002,7.6581,3,Yes
347,1855,1508,1130.87,8929.69,9.34693,7.89629,5,Yes
348,1698,1784,1479.79,9608.14,15.0873,6.49293,2,Yes
349,1580,73,1175.06,9360.92,13.0563,7.96633,1,Yes
350,1483,1185,394.015,3707.83,6.89116,9.41038,5,Yes
351,1565,23,915.623,4015.69,6.82941,4.38574,4,Yes
352,1656,1561,48.3998,836.036,1.53209,17.2735,5,Yes
353,1781,32,1173.36,9995.77,16.6639,8.51893,3,Yes
354,1920,1708,941.617,7622.96,10.2267,8.0956,4,Yes
355,1688,1486,1459.29,11198.3,13.9407,7.6738,5,Yes
356,287,99,1145.87,8892.11,13.668,7.76015,2,Yes
357,290,1940,1166.06,10531.1,19.793,9.03136,5,Yes
358,1629,164,1741.32,12084.2,14.1619,6.93964,2,Yes
359,1856,1451,328.311,4476.55,6.93731,13.6351,2,Yes
360,278,1638,863.036,6097.06,6.28641,7.06466,4,Yes
361,1626,51,91.6992,1653.92,3.04612,18.0364,1,Yes
362,83,325,808.75,8067.13,13.8766,9.97482,1,Yes
363,1553,1934,96.3991,1725.91,3.26464,17.9038,5,Yes
364,1395,1431,1225.65,7598.81,14.3264,6.19984,5,Yes
365,1867,1728,660.786,5908.88,8.78345,8.9422,5,Yes
366,1688,1751,1256.24,7969.07,10.6877,6.34359,3,Yes
367,855,1941,1857.19,18186.5,24.8628,9.79246,2,Yes
368,1736,1797,146.1,3355.42,4.28713,22.9666,1,Yes
369,1482,1592,1223.75,7811.85,8.37035,6.38354,4,Yes
370,50,1331,635.592,4284.29,4.44087,6.74063,2,Yes
371,1333,1164,264.007,2336.33,4.3686,8.84952,1,Yes
372,1775,1097,571.008,3206.82,3.65614,5.61607,3,Yes
373,1523,1427,68.6995,1066.81,1.75033,15.5286,1,Yes
374,1704,1102,298.309,2882.31,4.31519,9.66215,1,Yes
375,1532,1687,472.22,5074.33,6.57624,10.7457,2,Yes
376,357,1572,1166.76,6920.92,13.5019,5.93173,3,Yes
377,947,1375,685.28,3930.47,6.80689,5.73557,5,Yes
378,1424,1755,254.706,2537.34,4.14329,9.96184,2,Yes
379,1498,418,908.425,7280.32,13.314,8.01422,5,Yes
380,1608,1530,1155.86,9642.06,15.1854,8.34186,1,Yes
381,1363,121,694.278,7085.3,12.909,10.2053,5,Yes
382,1613,1712,1198.75,9367.78,14.148,7.81459,5,Yes
383,408,1704,478.82,4907.06,6.34506,10.2482,4,Yes
384,1368,1754,81.2993,1616.6,2.14316,19.8846,5,Yes
385,899,1494,622.295,2804.39,4.6765,4.50653,3,Yes
386,392,1542,525.019,5004.29,8.07714,9.53164,2,Yes
387,26,1728,2048.55,11573.6,16.2499,5.64964,1,Yes
388,1594,388,1297.03,9876.25,11.1131,7.61451,3,Yes
389,1407,1850,1243.44,10328.3,13.6801,8.30622,2,Yes
390,426,1778,438.318,5950.43,6.2599,13.5756,4,Yes
391,1554,301,720.671,6330.7,10.4967,8.78445,5,Yes
392,1590,1720,1236.35,9355.21,17.7252,7.56683,5,Yes
393,395,421,70.1995,1539.17,2.32788,21.9256,2,Yes
394,1358,1329,187.702,3559.66,6.60818,18.9644,2,Yes
395,1204,1401,2054.85,12835,17.9964,6.24621,2,Yes
396,1574,144,927.621,7174.44,10.3204,7.73424,5,Yes
397,1717,108,1038.39,5827.23,8.61119,5.61177,4,Yes
398,1328,1622,1041.69,7088.01,8.74057,6.80432,2,Yes
399,43,1613,1716.53,12976.9,15.8822,7.55999,2,Yes
400,1754,1488,175.001,3519.62,6.17608,20.1119,2,Yes
401,1607,506,176.002,919.007,1.56605,5.22159,5,Yes
402,1479,1816,1353.82,8797.7,11.9663,6.49845,1,Yes
403,1341,1811,169.601,2282.7,3.9281,13.4592,3,Yes
404,1859,1113,690.478,6752.23,13.0814,9.77906,4,Yes
405,1741,1755,427.617,3257.04,5.30976,7.61672,4,Yes
406,1716,1117,403.815,3252.39,3.48819,8.05415,5,Yes
407,1519,1708,988.906,4926.98,6.98207,4.98225,5,Yes
408,1605,1627,970.11,6349.41,10.4468,6.54504,1,Yes
409,1391,1436,1043.19,4564.45,7.21598,4.37547,4,Yes
410,1798,1611,1181.86,9275.66,16.3528,7.84837,4,Yes
411,1684,316,1211.75,8762.29,13.4494,7.23109,2,Yes
412,1754,1655,152.7,2269.4,2.45254,14.8618,4,Yes
413,1867,96,1111.08,8995.96,12.3775,8.09662,4,Yes
414,1731,19,1309.33,11389.8,16.9169,8.699,2,Yes
415,1695,1312,1115.57,4518.96,8.15411,4.05079,3,Yes
416,1107,1566,2049.15,11209.2,18.9515,5.47019,4,Yes
417,407,1618,662.185,6624.37,10.6581,10.0038,3,Yes
418,1492,672,573.507,2073.01,3.96984,3.61462,5,Yes
419,267,43,1257.94,9706.1,15.598,7.71587,5,Yes
420,1301,1676,478.62,4314.59,6.20191,9.01464,5,Yes
421,1045,1856,284.508,2670.02,4.65851,9.38468,2,Yes
422,923,1734,1245.64,8333.19,13.7552,6.68987,3,Yes
423,1404,1436,827.945,3346.22,3.82945,4.0416,4,Yes
424,407,1936,354.412,3144.05,3.55343,8.87116,3,Yes
425,1628,78,881.532,3272.07,3.48039,3.7118,5,Yes
426,709,1696,1699.63,15214.7,18.6196,8.95174,5,Yes
427,19,1410,365.813,1840.93,2.5858,5.03244,4,Yes
428,1823,1438,456.819,2463.07,2.72707,5.3918,3,Yes
429,1357,721,481.42,2545.12,4.74559,5.28669,1,Yes
430,1455,1841,973.809,7324.92,11.5599,7.52192,2,Yes
431,41,1784,1212.05,8407.53,13.4627,6.93661,1,Yes
432,1808,1808,13.2,214.2,0.385441,16.2272,1,Yes
433,1542,496,1348.02,10409.5,13.3091,7.72209,1,Yes
434,1737,475,705.975,7359.58,8.30418,10.4247,1,Yes
435,1803,1737,1462.19,9532.79,12.9414,6.51953,2,Yes
436,1385,1513,103.699,1785.84,2.49455,17.2214,5,Yes
437,1632,1938,54.0997,913.929,1.1374,16.8934,3,Yes
438,1797,1490,992.905,8686.47,9.79076,8.74855,3,Yes
439,1855,1710,370.313,5046.88,5.65234,13.6287,4,Yes
440,454,501,36.4,180.4,0.212799,4.95604,4,Yes
441,1489,1618,1926.38,9339.62,12.0016,4.84828,5,Yes
442,202,1723,911.924,5163.05,9.14167,5.66171,5,Yes
443,1747,1744,1711.73,7398.74,12.862,4.32238,5,Yes
444,1333,1842,420.316,6141.55,9.23358,14.6117,2,Yes
445,1374,1750,166.101,1654.15,2.89268,9.95868,2,Yes
446,1362,843,938.818,9419.94,11.1663,10.0338,5,Yes
447,1629,1392,85.1993,1516.73,2.19264,17.8021,4,Yes
448,1620,1679,1250.54,7607.41,9.43775,6.08329,2,Yes
449,1611,1435,1079.88,9444.76,13.8725,8.74609,2,Yes
450,1318,1487,819.647,7540.55,8.67575,9.19975,4,Yes
451,1686,344,913.324,8210.52,10.9808,8.98972,1,Yes
452,660,1541,1038.99,9691.56,9.92603,9.32784,4,Yes
453,1444,1481,117.199,2240.26,2.90147,19.115,4,Yes
454,1828,340,1080.08,9635.01,12.4348,8.92062,3,Yes
455,1852,692,1527.77,9595.75,11.6719,6.28087,4,Yes
456,1616,200,904.726,7688.11,9.43199,8.49772,2,Yes
457,1074,1385,1861.49,10503.8,11.622,5.64266,2,Yes
458,956,1712,1802.91,12518.9,15.0231,6.94371,2,Yes
459,377,1809,1588.76,5316.35,6.63406,3.34623,1,Yes
460,1687,1417,142.399,2261.64,2.36157,15.8824,4,Yes
461,1596,28,171.101,2606.81,3.31018,15.2355,3,Yes
462,478,1588,738.967,7089.67,9.11782,9.59403,2,Yes
463,1718,407,312.21,4532.19,5.33338,14.5165,4,Yes
464,139,1478,695.477,5677.89,7.21783,8.16402,5,Yes
465,655,1360,1583.56,11603.3,11.6819,7.32738,1,Yes
466,630,1130,1350.72,13088.7,21.2041,9.6902,1,Yes
467,581,110,1786.61,15523.6,21.551,8.68887,4,Yes
468,1708,463,1763.12,12125.3,18.1923,6.87722,2,Yes
469,1595,1940,60.1997,1058.03,1.10429,17.5753,4,Yes
470,1512,1713,1249.34,9504.8,17.4447,7.60784,3,Yes
471,1473,1721,1012.6,8962.24,10.8492,8.85072,2,Yes
472,1635,251,507.822,6242.98,8.56243,12.2936,1,Yes
473,1631,861,2410.1,17286.7,30.2349,7.1726,1,Yes
474,1809,1765,1330.22,10197.3,11.5546,7.66584,5,Yes
475,1778,1638,149.5,2269.71,2.47951,15.182,3,Yes
476,1820,1404,309.31,2797.48,2.93638,9.04426,3,Yes
477,1692,1009,2000.66,12382,18.7057,6.18896,3,Yes
478,1480,1361,98.3991,1971.71,2.41708,20.0379,5,Yes
479,165,1793,1294.03,5398.83,7.04222,4.1721,2,Yes
480,1737,1032,511.422,4076.76,7.62401,7.97142,2,Yes
481,253,1462,964.312,5491.9,10.1613,5.69515,3,Yes
482,1546,1504,749.364,4338.16,7.4548,5.78913,3,Yes
483,1034,50,1360.71,11147.6,13.9748,8.19248,4,Yes
484,1867,523,1015.9,9586.48,13.8912,9.43645,2,Yes
485,1688,1724,1793.71,12629.4,23.8449,7.04094,5,Yes
486,96,574,1992.66,14704.2,21.5481,7.37916,2,Yes
487,1423,1682,1600.86,9364.2,15.4565,5.84949,1,Yes
488,1673,1792,261.907,3639.74,3.97215,13.8971,2,Yes
489,397,1661,200.903,2960.28,4.64461,14.7349,1,Yes
490,1040,1940,1339.72,11912.7,12.9552,8.89192,2,Yes
491,1511,419,883.131,7814.38,9.99812,8.84849,4,Yes
492,1431,1674,123.199,1513.85,2.04885,12.2879,2,Yes
493,1869,1929,694.877,8244.23,12.4753,11.8643,4,Yes
494,1733,1613,365.013,3104.5,4.54341,8.50517,5,Yes
495,1168,1349,2144.84,11891.5,13.4808,5.54423,1,Yes
496,1327,558,2015.06,11310.3,21.1599,5.61289,2,Yes
497,1665,71,1023.3,8909.8,11.1052,8.70696,4,Yes
498,1467,1916,169.001,1354.17,2.46519,8.01276,4,Yes
499,1527,1168,248.106,2485.34,3.77593,10.0172,1,Yes
500,206,1419,1334.72,11693.6,16.3218,8.76111,2,Yes
501,422,76,790.454,7393.03,13.7618,9.35289,5,Yes
502,1328,971,1157.06,10573.4,16.8298,9.13814,1,Yes
503,1827,55,29.7001,493.625,0.682238,16.6203,4,Yes
504,1527,1402,1760.52,10398.9,15.184,5.90673,3,Yes
505,1621,1364,1168.36,5389.64,10.2544,4.61299,3,Yes
506,1916,90,1268.74,11603.8,17.1445,9.14597,5,Yes
507,1863,109,1060.49,7704.34,12.5844,7.2649,4,Yes
508,1341,1932,1124.87,7673.87,9.60999,6.822,1,Yes
509,1395,1803,133.599,2310.75,3.55122,17.2962,5,Yes
510,1405,1671,224.304,3097.09,3.74156,13.8075,3,Yes
511,1450,1530,101.999,1749.25,2.23889,17.1497,1,Yes
512,975,42,1444.99,14801.7,16.5534,10.2434,4,Yes
513,1519,1898,2632.52,17253.6,19.28,6.55403,2,Yes
514,86,1566,1911.18,10425.5,12.4609,5.455,4,Yes
515,1524,1390,875.433,6252.13,10.2699,7.14175,2,Yes
516,1326,1407,62.3996,1179.63,1.46326,18.9045,3,Yes
517,100,1340,1507.88,7604.43,9.05842,5.04313,1,Yes
518,260,841,1256.84,9296.85,13.3821,7.397,1,Yes
519,315,1036,1939.57,7381.8,13.8322,3.80589,1,Yes
520,1527,1338,1400.71,5945.09,11.7905,4.24436,4,Yes
521,15,155,1154.77,9798.68,13.1129,8.48543,1,Yes
522,1803,825,2452.94,16315.4,32.2643,6.65136,3,Yes
523,1686,1598,1324.22,13964.9,27.0394,10.5458,4,Yes
524,1018,1670,1270.24,11469.2,17.7098,9.0292,1,Yes
525,1859,1825,524.519,5998.46,8.86565,11.4361,1,Yes
526,1522,641,1840.1,11423.3,11.4513,6.20801,3,Yes
527,1384,608,406.016,2875.36,3.11892,7.0819,2,Yes
528,1346,1586,552.412,5268.96,5.65022,9.53809,5,Yes
529,711,1291,1308.23,12935.5,14.0527,9.88783,5,Yes
530,1733,1491,397.215,3539.41,4.11929,8.91056,4,Yes
531,1471,302,466.019,4236.36,6.64229,9.09052,1,Yes
532,1565,1692,1030.4,5968,7.10526,5.79195,5,Yes
533,71,1339,1776.31,9056.48,15.8394,5.09847,3,Yes
534,1440,136,758.862,7513.05,10.4384,9.90042,3,Yes
535,1365,1533,495.621,3626.31,4.61216,7.3167,4,Yes
536,1661,1602,850.239,6353.85,9.92563,7.47301,2,Yes
537,1289,1565,401.715,3420.56,4.20099,8.51489,4,Yes
538,1577,1723,198.503,1808.47,2.27512,9.11056,2,Yes
539,1462,1459,312.21,2348.55,3.562,7.52235,5,Yes
540,1487,1517,718.572,8261.19,13.2025,11.4967,1,Yes
541,1231,1819,831.244,2605.08,3.14471,3.13395,5,Yes
542,1217,1481,595.402,3905.52,6.90577,6.55947,3,Yes
543,1750,1666,222.004,3668.96,4.06165,16.5265,4,Yes
544,730,999,430.117,3861.12,5.11713,8.9769,4,Yes
545,1799,1803,1059.29,5518.18,7.87146,5.20933,3,Yes
546,32,419,710.674,6976.38,8.65249,9.81657,5,Yes
547,1477,427,248.306,3957.41,6.6624,15.9376,5,Yes
548,853,1376,739.466,3950.89,7.31197,5.3429,4,Yes
549,1465,1308,1263.14,10478.7,13.1631,8.2958,5,Yes
550,1478,61,361.313,3558.22,3.80712,9.84803,3,Yes
551,1490,864,473.02,2553.14,2.81923,5.39753,4,Yes
552,1429,1700,1106.28,6194.73,10.5133,5.59962,3,Yes
553,1942,708,2065.66,14994.4,17.8532,7.25885,5,Yes
554,191,1448,1008.3,8025.88,10.5577,7.95981,2,Yes
555,1566,1589,99.6991,1619.59,2.34423,16.2448,4,Yes
556,993,1719,1025.9,7402.28,14.051,7.21542,1,Yes
557,1762,1817,1930.28,14885.8,20.872,7.71173,2,Yes
558,1386,78,911.025,10222.4,15.6708,11.2208,3,Yes
559,1698,1439,980.908,4701.3,6.12366,4.7928,1,Yes
560,1772,1732,1560.87,6302.22,11.8463,4.03764,3,Yes
561,66,773,2527.61,14923,15.4973,5.904,5,Yes
562,1728,1868,845.841,6654.44,11.1682,7.86725,1,Yes
563,1760,1777,140.899,2532.32,4.69174,17.9725,3,Yes
564,142,1707,760.461,6310.21,11.3165,8.29787,2,Yes
565,1754,309,436.417,5429.97,5.65007,12.4421,2,Yes
566,99,1582,1551.67,6737.73,10.4043,4.34225,1,Yes
567,1694,336,1426.6,11514.7,12.0169,8.07142,2,Yes
568,1822,1450,365.313,2404.37,3.1652,6.58168,5,Yes
569,1469,713,614.597,6151.63,7.91622,10.0092,3,Yes
570,1747,1759,97.8991,1638.94,2.70665,16.7412,1,Yes
571,1532,320,878.433,8492.04,16.5798,9.66726,2,Yes
572,1451,1626,507.522,3944.83,7.37035,7.77272,5,Yes
573,1646,1474,1313.93,10516.9,12.4285,8.0042,4,Yes
574,1708,1477,278.208,2512.33,4.76065,9.03042,4,Yes
575,1652,1427,86.0993,1204.94,2.32673,13.9947,5,Yes
576,1736,1152,1075.78,8592.21,12.0826,7.98692,1,Yes
577,419,1685,682.48,6806.97,11.8377,9.97387,1,Yes
578,1052,1729,194.703,1414.59,2.7366,7.26537,4,Yes
579,1880,1479,1589.16,11430.7,12.9868,7.19295,4,Yes
580,583,1660,708.574,5780.84,8.51968,8.15841,3,Yes
581,1524,1596,872.334,6694.66,7.60234,7.67442,3,Yes
582,1005,1677,822.446,5909.78,5.93031,7.18561,5,Yes
583,1322,1412,312.91,1497.42,2.15462,4.78546,2,Yes
584,19,1101,373.614,2325.18,2.54481,6.22349,2,Yes
585,1752,1730,914.624,6883.88,10.5399,7.52646,4,Yes
586,1253,1544,458.819,3104.77,3.89255,6.76687,1,Yes
587,39,86,137.599,828.325,0.933043,6.01984,3,Yes
588,1937,1752,77.3994,1034.11,1.47064,13.3607,5,Yes
589,1761,1592,1105.88,7169.1,7.77074,6.48273,4,Yes
590,112,251,1555.17,10732.3,18.2341,6.90103,3,Yes
591,1368,308,782.856,6749.43,9.35872,8.62155,1,Yes
592,1763,1828,330.511,3545.69,4.30167,10.7279,2,Yes
593,1479,503,1997.96,11086.2,11.649,5.54874,4,Yes
594,908,1641,1430.7,12165.8,23.8831,8.50341,2,Yes
595,1336,1405,1201.15,12360.4,16.6991,10.2905,5,Yes
596,1171,12,162.001,980.622,1.40841,6.0532,5,Yes
597,47,398,746.365,7461.19,8.20996,9.99671,2,Yes
598,1435,1811,587.604,4705.75,5.61827,8.00838,3,Yes
599,1441,1727,1325.22,7393.03,11.4377,5.57871,4,Yes
600,1793,1189,917.423,7848.28,10.3288,8.5547,2,Yes
601,1513,1616,62.9996,1046.92,1.53901,16.6179,5,Yes
602,1783,247,437.217,4117.57,6.22828,9.41768,4,Yes
603,1546,1936,849.44,5392.79,6.15203,6.34864,5,Yes
604,1537,1575,1054.29,4619.79,5.62615,4.3819,2,Yes
605,1325,1687,280.008,3259.05,3.31704,11.6391,5,Yes
606,1553,127,905.826,7531.29,12.8076,8.31428,2,Yes
607,1354,1029,1674.74,10844.4,14.8584,6.47526,2,Yes
608,1809,15,1109.08,8900.14,10.9633,8.02483,1,Yes
609,1371,1578,1483.88,8132.88,15.4355,5.48081,5,Yes
610,950,1715,1285.53,10808.4,15.7337,8.40772,1,Yes
611,1938,1027,1314.73,6832.78,7.98689,5.19711,5,Yes
612,1709,106,746.165,4537.04,8.04313,6.08047,4,Yes
613,1520,66,165.301,1778.61,2.54992,10.7598,5,Yes
614,870,1690,1844.4,17796.3,24.953,9.64886,2,Yes
615,1489,1935,881.632,6742.55,10.7109,7.64781,5,Yes
616,1632,1816,1731.62,8199.76,15.6988,4.7353,3,Yes
617,68,567,2051.25,14664,21.2169,7.14881,3,Yes
618,1578,1463,11,131.625,0.197183,11.9659,3,Yes
619,1810,13,1132.27,8238.8,10.9784,7.27635,2,Yes
620,1761,1433,152.6,1776.01,2.69646,11.6384,2,Yes
621,1794,658,436.017,4391.3,6.21908,10.0714,3,Yes
622,1810,1520,1110.08,9238.67,13.3879,8.32256,4,Yes
623,1724,1461,29.0001,565.175,0.85452,19.4887,2,Yes
624,1158,1640,1193.96,4486.64,5.53914,3.7578,4,Yes
625,1478,1197,464.419,3778.5,4.38995,8.13596,5,Yes
626,73,403,1114.77,8671.9,16.7273,7.77906,4,Yes
627,1538,197,235.705,3810.73,4.84595,16.1674,5,Yes
628,78,1915,2007.66,9811.75,16.4381,4.88716,2,Yes
629,1649,1499,1745.32,12694.9,12.9113,7.27369,1,Yes
630,934,1870,222.804,1017.38,1.38076,4.56627,4,Yes
631,1786,1395,1225.75,11572.9,13.4162,9.44152,2,Yes
632,1879,1465,504.122,3713.52,6.87992,7.36631,2,Yes
633,1052,1086,1207.25,9086.12,18.0985,7.52628,4,Yes
634,1615,15,1463.39,13129.9,19.2307,8.97223,1,Yes
635,1550,1362,197.403,2754.97,3.91624,13.9561,4,Yes
636,100,1420,306.71,3230.75,3.48015,10.5336,5,Yes
637,1638,1660,1657.34,6045.47,9.01939,3.64769,5,Yes
638,1669,1778,963.812,5000.74,8.71603,5.18851,2,Yes
639,1427,1394,1114.08,7261.42,7.90896,6.51789,5,Yes
640,1593,390,1340.02,10135.3,10.2887,7.56357,2,Yes
641,41,1212,545.114,3346.33,5.24739,6.13877,2,Yes
642,1561,1688,1169.76,7022.2,10.1916,6.0031,2,Yes
643,1443,1185,236.005,2248.29,3.42754,9.52645,3,Yes
644,1037,1639,790.854,7173.87,10.0655,9.07105,4,Yes
645,1070,108,557.511,3177.83,5.5738,5.70004,4,Yes
646,1758,1374,119.799,2073.08,2.39741,17.3047,5,Yes
647,1438,100,158.5,1543.03,1.91718,9.73515,4,Yes
648,1760,1350,946.116,5873.47,7.44739,6.20798,5,Yes
649,43,1595,131.899,1908.76,3.57506,14.4714,4,Yes
650,1666,1484,488.621,5339.07,7.08396,10.9268,1,Yes
651,332,1664,1448.59,4763.01,4.8059,3.28802,2,Yes
652,1415,363,1256.64,11516.1,13.8924,9.16422,4,Yes
653,1101,1685,1785.21,10542.4,16.6535,5.90544,1,Yes
654,1233,1739,1248.04,9150.83,16.1174,7.33215,3,Yes
655,1682,1433,925.421,7436.45,8.96727,8.03575,4,Yes
656,1789,1424,399.915,5080.31,5.3159,12.7035,3,Yes
657,1001,1811,385.614,3834.98,6.96115,9.94511,2,Yes
658,390,1846,484.22,4221.54,5.27988,8.71822,3,Yes
659,1637,1772,30.9001,505.025,0.842552,16.3438,1,Yes
660,1865,50,1043.89,7222.52,8.19154,6.91884,4,Yes
661,1615,1855,878.333,5636.79,7.72747,6.4176,3,Yes
662,333,1777,958.713,6967.59,13.2481,7.26765,4,Yes
663,1763,1443,1210.55,6029.83,10.4241,4.98106,2,Yes
664,1762,1410,1105.68,5142.45,7.01081,4.65095,3,Yes
665,1677,15,919.423,5048.99,9.99773,5.49148,5,Yes
666,1465,891,665.685,4672.82,9.02242,7.01958,5,Yes
667,58,1563,978.208,4510.64,6.49,4.61113,2,Yes
668,423,1749,488.921,4551,5.51961,9.30827,5,Yes
669,1734,1348,528.918,5990.71,7.12838,11.3263,3,Yes
670,518,1504,1906.68,15046.9,24.6512,7.89169,4,Yes
671,1465,55,1295.13,11348,20.5038,8.76203,5,Yes
672,1826,1590,1479.89,11369.8,21.6637,7.68286,2,Yes
673,420,1648,674.382,8197.11,9.96854,12.155,3,Yes
674,1417,111,156.1,2278.97,2.5386,14.5994,2,Yes
675,1430,1557,32.4001,603.031,1.20002,18.612,5,Yes
676,1363,1366,124.699,2371.29,3.91231,19.0162,1,Yes
677,1331,1735,617.996,5727.22,8.14684,9.26741,5,Yes
678,1433,1270,560.51,4528.95,6.34948,8.08004,5,Yes
679,37,1827,165.101,1055.18,1.53663,6.39112,3,Yes
680,1455,1534,311.01,3356.37,4.60723,10.7919,3,Yes
681,1795,1339,1253.74,4864.37,6.22599,3.87988,3,Yes
682,1593,1552,1055.59,5978.61,11.4102,5.66376,2,Yes
683,1629,1517,2199.59,15248.7,17.153,6.93249,2,Yes
684,1867,1536,211.504,4137.31,6.81721,19.5614,2,Yes
685,1011,809,843.741,5335.85,7.43101,6.32404,4,Yes
686,24,1756,557.911,4669.89,6.78958,8.37032,4,Yes
687,1751,922,1379.01,11035.2,18.11,8.00228,3,Yes
688,1385,1780,203.603,2461.25,3.17371,12.0885,3,Yes
689,1687,1057,1877.79,13118.4,21.723,6.98607,4,Yes
690,1097,986,2041.55,10548.6,18.6208,5.16697,4,Yes
691,1648,1330,301.509,3558.59,3.84258,11.8026,2,Yes
692,1398,1670,1072.59,7544.47,7.65797,7.03391,2,Yes
693,423,1665,477.72,3444.38,3.84917,7.21005,5,Yes
694,1164,1607,1863.89,11869.4,16.1927,6.3681,4,Yes
695,1627,1801,110.999,1623.13,1.94208,14.6229,1,Yes
696,1598,1459,1971.67,14093.5,20.2093,7.14802,1,Yes
697,1855,990,140.699,2436.01,3.25171,17.3135,3,Yes
698,1723,1649,1124.87,9916.7,14.61,8.81585,1,Yes
699,1752,34,872.934,4593.94,6.94943,5.26264,4,Yes
700,1089,1856,771.359,5910.75,9.84192,7.66277,4,Yes
701,1397,1332,189.202,3894.79,4.91407,20.5853,4,Yes
702,1652,1555,82.7993,1104.98,2.07023,13.3453,5,Yes
703,1338,1581,108.299,1661.46,2.87175,15.3414,2,Yes
704,112,1376,1852.59,12529.4,15.3369,6.76317,3,Yes
705,564,1830,1582.56,13116,16.1835,8.28782,3,Yes
706,1618,1376,28.4001,446.765,0.78183,15.7311,2,Yes
707,1519,1534,890.63,3689.73,5.93773,4.14283,5,Yes
708,80,1405,267.107,1655.26,2.52872,6.19698,4,Yes
709,71,1186,678.981,3410.39,5.16784,5.02281,1,Yes
710,53,45,558.511,1755.04,3.2146,3.14235,4,Yes
711,1775,1329,40.6,771.717,1.29071,19.0078,5,Yes
712,1078,1786,1466.99,6723.32,11.366,4.58307,1,Yes
713,1207,1491,1901.08,13532.4,22.669,7.11824,3,Yes
714,1631,194,1791.51,12415.3,13.4005,6.93007,5,Yes
715,1392,1750,1289.43,7738.41,12.9312,6.00141,1,Yes
716,1866,1807,284.208,5168.59,9.00606,18.1859,2,Yes
717,74,1910,2348.94,15121.9,16.9609,6.43773,2,Yes
718,1581,113,1100.98,8864.51,14.3508,8.05149,4,Yes
719,1373,45,140.099,2042.23,3.13596,14.577,2,Yes
720,1126,422,767.16,7354.31,13.4812,9.58642,1,Yes
721,997,335,906.526,6985.35,11.2704,7.70563,2,Yes
722,674,1631,1879.49,16732.9,27.5079,8.90288,3,Yes
723,390,1382,205.203,1636.29,2.21806,7.97398,3,Yes
724,1579,1376,574.107,5221.48,7.30169,9.09497,2,Yes
725,95,588,2033.95,15618.5,22.1993,7.67889,4,Yes
726,1276,626,2610.5,14449.5,23.9643,5.53515,1,Yes
727,1651,111,511.522,3418.91,4.72783,6.68379,2,Yes
728,1565,1539,154.7,1800.77,2.67573,11.6404,2,Yes
729,1364,1645,119.899,2394.44,3.48376,19.9705,2,Yes
730,1177,1748,1068.49,4828.64,6.08287,4.51914,4,Yes
731,1567,1508,1272.64,12563.9,19.767,9.87233,3,Yes
732,1439,1827,592.402,3752.56,3.90566,6.33448,5,Yes
733,1565,1741,684.98,4300.81,6.25582,6.27874,1,Yes
734,1657,1765,842.741,4593.99,8.92866,5.45125,2,Yes
735,981,1067,1136.87,9012.03,17.5086,7.92705,4,Yes
736,1857,1599,183.302,3656.2,4.4943,19.9463,1,Yes
737,68,1725,1644.05,10516.8,15.3976,6.39692,2,Yes
738,1560,975,1102.18,10701.9,15.2469,9.70973,5,Yes
739,1625,1756,1004.1,6667.39,12.5086,6.64015,4,Yes
740,1830,1942,446.018,2609.82,2.76834,5.85137,5,Yes
741,1904,1395,2152.45,18468.5,28.0801,8.58023,1,Yes
742,1492,801,672.983,2387.43,4.01881,3.54754,1,Yes
743,1233,1477,1232.35,5800.98,7.26456,4.70726,3,Yes
744,1687,61,872.134,4506.63,6.74649,5.16736,5,Yes
745,495,1708,1214.65,11997.7,20.6229,9.87752,3,Yes
746,1013,1825,957.613,7797.49,12.7518,8.14263,1,Yes
747,1610,1623,1567.06,15067.3,24.7666,9.61498,4,Yes
748,1462,1552,805.35,7088.83,11.9622,8.80217,3,Yes
749,1939,1401,10.9,119.425,0.160193,10.9564,2,Yes
750,59,1664,1360.81,7854.43,12.933,5.77186,2,Yes
751,1005,1641,970.31,7071.72,8.58308,7.28811,1,Yes
752,382,507,699.976,6980.79,9.12643,9.9729,1,Yes
753,1411,1489,232.305,3796.7,3.8662,16.3436,3,Yes
754,1732,1439,861.237,7980.89,9.92253,9.26677,1,Yes
755,1918,1730,122.599,957.911,1.12058,7.81338,2,Yes
756,1706,1759,29.5001,487.855,0.940437,16.5374,5,Yes
757,1339,1828,1102.48,8995.85,11.2365,8.15967,2,Yes
758,1505,1578,2088.89,12586.7,20.6373,6.02554,4,Yes
759,1576,59,1089.48,8176.59,10.442,7.50504,4,Yes
760,1730,1487,1124.77,6386.26,12.4958,5.67782,1,Yes
761,1810,1551,570.808,6061.83,6.28676,10.6197,5,Yes
762,1230,382,1098.28,7641.37,12.9741,6.95758,2,Yes
763,105,1448,314.01,2271.64,3.11229,7.2343,1,Yes
764,323,1813,548.613,3907.74,4.65036,7.12294,1,Yes
765,1734,1691,1322.82,10876.5,18.9784,8.22222,1,Yes
766,408,1365,400.815,4603.67,5.03394,11.4858,1,Yes
767,1502,1409,887.93,3482.95,6.49944,3.92255,1,Yes
768,1539,1448,217.604,3344.68,3.52172,15.3705,5,Yes
769,1499,1751,1080.98,7960.98,11.5007,7.36457,5,Yes
770,383,1487,127.099,2533.25,4.33458,19.9314,3,Yes
771,1917,423,898.828,5624.77,8.77779,6.2579,3,Yes
772,23,1129,450.918,2840.63,2.98006,6.29966,2,Yes
773,1736,1411,547.113,6758.21,10.2447,12.3525,4,Yes
774,1597,1498,2152.85,15002,16.6432,6.96843,3,Yes
775,1620,395,1485.88,10342.8,13.8887,6.96071,2,Yes
776,1386,1287,1370.81,11097.1,12.526,8.09525,1,Yes
777,1768,1939,2052.45,13963.7,21.8644,6.80342,2,Yes
778,1749,1369,101.499,1669.92,1.70404,16.4526,5,Yes
779,1616,1749,885.631,7748.86,13.5719,8.74954,2,Yes
780,86,86,10.4,129.075,0.225381,12.4111,1,Yes
781,1394,1561,1346.62,7204.19,7.45292,5.34984,5,Yes
782,154,1040,1624.65,6646.93,10.1567,4.0913,1,Yes
783,1811,1514,646.789,6200.02,9.32462,9.58584,4,Yes
784,661,92,1542.27,14424.5,15.3474,9.35277,4,Yes
785,1013,1656,854.138,6536.07,9.03451,7.65224,4,Yes
786,1477,1630,1121.77,6930.26,13.3919,6.17796,5,Yes
787,1611,796,549.013,2109.98,2.65921,3.84322,2,Yes
788,1110,26,459.219,2465.66,4.52157,5.36926,4,Yes
789,1016,403,407.016,4195.91,7.16278,10.309,5,Yes
790,1532,1651,44.0999,695.085,1.38038,15.7616,1,Yes
791,101,1792,1236.05,7110.13,13.547,5.75232,4,Yes
792,1794,1862,990.705,4347.99,8.37612,4.38878,2,Yes
793,1793,1168,655.687,7575.2,12.4829,11.5531,4,Yes
794,1327,1490,1488.58,9377.56,11.1644,6.29965,3,Yes
795,1368,994,1519.68,7604.65,14.7683,5.00413,4,Yes
796,1710,1624,777.957,4830,8.80094,6.20857,4,Yes
797,1790,1515,550.213,6373.07,11.7492,11.5829,1,Yes
798,1516,1041,289.608,3631.6,4.72391,12.5397,5,Yes
799,884,1857,1220.75,8493.81,10.3128,6.95786,5,Yes
800,390,1677,125.799,3121.38,6.02794,24.8125,3,Yes
801,1724,1441,625.194,7676.51,8.84729,12.2786,5,Yes
802,1629,1781,1978.66,13161.7,16.8595,6.65182,4,Yes
803,1733,1733,10.7,114.637,0.189019,10.7138,5,Yes
804,1649,1624,553.812,3997.09,5.14686,7.21742,1,Yes
805,1362,1494,1059.59,8675.14,16.8969,8.18727,1,Yes
806,9,1539,739.866,5379.47,5.93913,7.27087,1,Yes
807,63,383,1306.33,5774.11,6.68565,4.42011,1,Yes
808,1324,835,2311.7,14672.4,16.6747,6.34699,4,Yes
809,1718,1723,703.875,6140.61,8.95137,8.724,1,Yes
810,1351,1545,844.641,4082.41,6.01356,4.83331,3,Yes
811,1834,1545,774.458,6923.99,9.32367,8.94043,3,Yes
812,830,1653,1588.06,12258.7,19.9101,7.71929,5,Yes
813,1434,1338,933.519,4947,8.83518,5.2993,3,Yes
814,1786,1643,573.007,6179.71,12.079,10.7847,3,Yes
815,1613,1432,1386.11,12142,19.0645,8.75978,4,Yes
816,1307,1819,372.214,1464.46,2.31663,3.93447,1,Yes
817,1519,1335,1990.86,13660.8,18.1369,6.86175,1,Yes
818,23,1466,1934.67,10753.3,19.5992,5.5582,3,Yes
819,1738,1734,114.399,1835.7,2.1716,16.0465,4,Yes
820,1823,1376,1807.91,11444,12.5166,6.33,4,Yes
821,1426,1864,621.595,4957.44,8.80484,7.97535,1,Yes
822,1796,1348,1592.96,9532.58,16.6408,5.9842,4,Yes
823,21,1447,459.419,2172.38,3.42531,4.72853,3,Yes
824,416,1721,284.208,4900.39,7.35063,17.2423,3,Yes
825,1713,1418,884.231,6237.11,7.30051,7.05371,3,Yes
826,1255,1756,677.682,4889.09,9.45157,7.21444,2,Yes
827,1553,1454,98.1991,1468.26,1.52733,14.9519,5,Yes
828,1456,1691,1069.79,6576.97,11.947,6.14793,4,Yes
829,932,47,1910.08,14874.5,20.7212,7.78735,2,Yes
830,1395,1525,1296.93,7065.6,8.95207,5.44794,2,Yes
831,811,1441,1538.87,13487,20.3345,8.76423,1,Yes
832,1111,1866,695.577,6479.84,11.1235,9.31578,3,Yes
833,400,811,1098.88,9762.21,16.0462,8.88379,5,Yes
834,1776,1277,316.01,2547.97,2.92363,8.06295,3,Yes
835,688,1620,1847.5,16777,29.3056,9.08094,1,Yes
836,750,1907,82.5993,343.25,0.349908,4.1556,5,Yes
837,1781,1003,151.6,1304.33,2.48546,8.60376,1,Yes
838,1405,1590,1923.98,13924,17.7758,7.23707,1,Yes
839,1437,1380,1585.26,6074.36,10.8942,3.83178,1,Yes
840,1604,1425,10.6,101.317,0.148426,9.5582,3,Yes
841,298,112,1134.87,9888.56,16.6571,8.71338,1,Yes
842,1467,1430,989.705,7657.74,11.588,7.73739,1,Yes
843,45,1460,1562.97,7829.06,10.3583,5.00911,3,Yes
844,1400,1367,1148.47,8436.3,11.7866,7.34571,1,Yes
845,1579,1098,678.881,7057.75,11.1161,10.3961,2,Yes
846,1326,1624,105.699,1672.05,2.11689,15.819,4,Yes
847,1245,1252,876.833,3538.47,5.50636,4.03551,1,Yes
848,36,923,1999.76,15237.2,26.3293,7.6195,1,Yes
849,1459,1410,1046.39,9338.01,12.8569,8.92401,3,Yes
850,1773,1362,118.299,2055.1,3.44137,17.3721,3,Yes
851,874,1612,319.51,1406.55,2.02217,4.4022,5,Yes
852,423,1485,658.386,5324.89,6.08993,8.0878,4,Yes
853,314,1682,1649.54,8033.83,12.0455,4.87033,4,Yes
854,1643,1327,156.8,2501.57,4.46278,15.9538,1,Yes
855,1364,1354,330.911,2842.94,5.68333,8.59126,3,Yes
856,1719,700,1643.55,11845.1,13.6411,7.20702,3,Yes
857,986,1367,705.775,6995.26,8.96527,9.91146,3,Yes
858,1368,1436,113.899,2156.32,3.72447,18.9319,2,Yes
859,1575,1927,969.11,8672.45,17.1272,8.94888,1,Yes
860,1376,1390,1374.41,13745.3,16.1517,10.0008,5,Yes
861,1621,1388,2026.75,14322.6,18.0222,7.06676,4,Yes
862,1479,547,1395.41,10718.7,13.2251,7.68139,3,Yes
863,1426,1653,164.701,1513.79,2.9807,9.19113,4,Yes
864,96,1405,106.099,1325.72,2.30819,12.4951,2,Yes
865,524,1238,1670.54,15316.8,24.6716,9.16878,4,Yes
866,1354,1462,1569.86,9977.12,11.8596,6.3554,1,Yes
867,1325,1664,1512.78,8709.26,15.3246,5.75713,4,Yes
868,98,1933,1000.1,3937.67,6.68339,3.93726,5,Yes
869,1615,1679,1195.26,10074.8,13.3787,8.42896,4,Yes
870,1528,1728,1740.52,7754.99,12.1391,4.45555,5,Yes
871,1457,1698,901.127,5563.86,6.15267,6.17434,2,Yes
872,1339,617,823.146,6595.26,12.2799,8.01226,2,Yes
873,219,1253,1173.96,8876.82,14.1265,7.56143,2,Yes
874,41,1752,696.377,5073.9,9.27503,7.28613,1,Yes
875,35,1457,419.316,3612.52,3.74755,8.61525,2,Yes
876,106,421,1353.02,9515.77,11.2208,7.033,4,Yes
877,1023,1477,757.062,4811.16,8.28744,6.35504,1,Yes
878,1552,1405,527.818,3321.27,5.2955,6.29245,4,Yes
879,1415,1603,993.804,7502.77,13.2505,7.54954,1,Yes
880,19,1802,114.399,1292.28,1.78709,11.2963,3,Yes
881,1782,1522,1259.74,9165.19,9.32339,7.27547,1,Yes
882,1916,1635,1006.4,7136.33,13.7644,7.09094,2,Yes
883,12,603,2316.81,12296.1,21.1728,5.30733,2,Yes
884,870,1561,1675.44,11260.6,16.1146,6.72097,4,Yes
885,1799,1677,72.2995,1040.32,1.36557,14.3891,3,Yes
886,1373,1576,794.253,5969.15,7.56424,7.51542,2,Yes
887,1829,1520,329.611,2583.83,3.81013,7.83902,1,Yes
888,1690,1386,1998.56,14223.5,23.0246,7.11687,5,Yes
889,952,1493,319.71,1886.24,2.67676,5.89985,3,Yes
890,1665,1389,1209.55,10637.4,20.2396,8.79447,1,Yes
891,1648,1680,2042.55,13088.4,17.2464,6.40789,5,Yes
892,1410,1361,117.699,2358.51,3.96489,20.0386,4,Yes
893,426,1656,633.192,5568.74,7.64942,8.7947,4,Yes
894,1367,1156,1010.8,4418.54,5.88827,4.37133,5,Yes
895,540,1052,522.32,3985.38,4.34249,7.63017,4,Yes
896,1575,1422,946.716,6460.69,9.57051,6.82432,4,Yes
897,1674,1505,1099.68,6263.43,10.093,5.69569,5,Yes
898,1419,1761,1184.36,6690.56,10.8721,5.64911,2,Yes
899,1399,1328,737.567,7826.31,9.63102,10.611,2,Yes
900,1600,1672,1141.17,6892.04,7.25474,6.03946,4,Yes
901,1697,1577,2064.66,12328.4,14.757,5.97113,3,Yes
902,1280,1519,1076.78,4766.88,8.30543,4.42696,5,Yes
903,328,301,121.199,683.252,0.758134,5.63745,3,Yes
904,1927,1462,1675.44,8475,15.6482,5.05838,1,Yes
905,55,110,42.5999,478.329,0.529567,11.2284,3,Yes
906,1374,28,739.566,3803.45,5.77083,5.14281,2,Yes
907,1601,1441,218.104,3872.54,5.80757,17.7555,1,Yes
908,111,1184,943.917,3696.99,5.92744,3.91665,5,Yes
909,1113,1780,1985.06,10091.3,19.9365,5.0836,2,Yes
910,1642,23,721.471,3297.94,3.65048,4.57114,5,Yes
911,1515,1821,1350.92,13511.4,14.205,10.0017,1,Yes
912,1713,300,648.389,5416.75,7.67001,8.35417,1,Yes
913,426,1573,905.426,6014.48,7.85161,6.64271,2,Yes
914,1791,45,652.188,6748.04,6.82828,10.3468,2,Yes
915,1893,1913,497.021,1788.61,3.50509,3.59865,3,Yes
916,288,1712,885.531,7228.33,10.6382,8.16271,3,Yes
917,1475,987,1990.66,13418,19.4601,6.74049,1,Yes
918,1599,1503,999.503,5637.85,10.3012,5.64065,4,Yes
919,735,61,1812.8,14293.1,23.4857,7.88452,2,Yes
920,1771,1908,1673.24,12382.3,16.4245,7.40023,5,Yes
921,1340,1479,846.94,5801.46,10.4684,6.84991,3,Yes
922,1649,1753,381.714,4766.62,7.17649,12.4874,3,Yes
923,423,1612,940.317,7617.91,9.12054,8.10142,3,Yes
924,993,1331,1006,8107.39,11.9834,8.05903,3,Yes
925,1500,1569,341.412,2539.57,2.86788,7.43845,1,Yes
926,1332,1423,163.401,2959.75,3.64786,18.1135,3,Yes
927,1666,1940,1203.55,9944.53,12.6607,8.26264,1,Yes
928,407,1843,252.106,2067.26,2.67595,8.19995,4,Yes
929,1072,1752,403.315,3633.42,4.30926,9.00888,2,Yes
930,1476,1494,2098.6,15741.5,24.2509,7.50096,1,Yes
931,535,1406,1904.38,15854,17.4354,8.32502,3,Yes
932,1327,1780,1389.61,7859.19,9.5576,5.65569,4,Yes
933,39,1917,2058.56,10682.7,21.2335,5.18943,4,Yes
934,294,1510,984.607,7920.47,9.81816,8.04429,3,Yes
935,1788,1448,520.22,6190.28,11.8926,11.8994,1,Yes
936,780,1338,822.446,6517.59,10.548,7.92464,5,Yes
937,1803,1367,786.055,5048.1,5.8506,6.42206,4,Yes
938,1704,1425,43.0999,735.619,0.872751,17.0678,4,Yes
939,1586,1556,380.914,3839.12,6.70419,10.0787,5,Yes
940,1644,1710,44.2999,853.911,1.28088,19.2757,4,Yes
941,1752,1404,1089.18,5422.01,9.47697,4.97806,1,Yes
942,627,106,1632.25,15037.5,22.9475,9.21278,4,Yes
943,1733,1490,401.015,3749.28,4.45395,9.34947,4,Yes
944,1903,1022,543.514,3873.81,5.16842,7.12735,4,Yes
945,1703,1596,1194.76,6893.56,11.9344,5.76985,5,Yes
946,1699,1578,1955.07,12914.4,16.3241,6.60558,3,Yes
947,1734,1564,429.217,4672.63,7.18695,10.8864,2,Yes
948,1466,1605,997.304,7930.4,15.3183,7.95184,3,Yes
949,1856,1203,1139.27,7621.33,13.404,6.68967,1,Yes
950,1670,1229,377.314,2697.85,5.13713,7.15015,2,Yes
951,1017,610,474.92,4102.8,5.2399,8.63893,2,Yes
952,403,1670,1132.77,9960.32,18.0538,8.79288,5,Yes
953,47,1678,538.516,3945.52,5.2442,7.32666,3,Yes
954,690,1448,1206.25,11344.6,19.1641,9.40481,5,Yes
955,17,1113,435.017,2287.01,4.16538,5.25728,4,Yes
956,397,1608,690.878,6902.14,10.3087,9.99038,1,Yes
957,1510,1731,309.01,3889.83,5.3393,12.5881,2,Yes
958,1800,1639,1177.86,6762.57,9.09104,5.74141,3,Yes
959,1126,1605,281.908,3408.21,3.98348,12.0898,5,Yes
960,1678,1790,1208.45,4857.66,9.10626,4.01973,2,Yes
961,1104,1480,417.916,3844.12,7.43264,9.1983,2,Yes
962,1571,821,616.896,4282.32,5.98325,6.94171,5,Yes
963,1530,407,450.018,4466.67,5.61398,9.92552,2,Yes
964,28,1746,658.586,5179.28,9.7509,7.86424,2,Yes
965,45,17,193.203,1478.66,2.93414,7.65339,4,Yes
966,1244,1786,1256.24,7581.79,14.7244,6.0353,2,Yes
967,509,1928,1672.74,14193.1,21.8416,8.48495,5,Yes
968,1351,1635,1160.76,4950.54,7.90483,4.2649,5,Yes
969,1332,1749,124.799,1460.43,2.35601,11.7023,4,Yes
970,1594,1410,1140.37,4718.45,7.42846,4.13765,2,Yes
971,850,1233,1821.7,16202.2,27.228,8.89396,5,Yes
972,1632,75,1047.09,4738.03,7.69827,4.52494,2,Yes
973,1764,1466,1862.19,12377.8,13.0467,6.64691,3,Yes
974,1340,1498,482.72,4535.61,6.91775,9.39594,5,Yes
975,1541,576,1656.74,9818.16,11.0957,5.92619,5,Yes
976,1550,1485,79.4994,1529.35,2.52669,19.2373,4,Yes
977,102,94,165.801,1699.73,2.27954,10.2516,2,Yes
978,1737,1429,323.411,4780.27,7.16464,14.7808,2,Yes
979,987,1488,521.12,4901.84,7.72114,9.40636,1,Yes
980,1077,1687,524.419,5029.22,7.88401,9.59009,2,Yes
981,392,1706,608.199,5400.12,8.84882,8.87888,3,Yes
982,118,55,1197.85,9577.32,15.9054,7.9954,1,Yes
983,1241,1247,975.809,3492.04,3.96481,3.57861,4,Yes
984,1783,61,730.069,6762.66,10.7589,9.26305,4,Yes
985,1368,1820,396.415,2277.92,3.6593,5.7463,2,Yes
986,1679,1935,1721.13,6429.68,7.35158,3.73574,2,Yes
987,1463,1440,782.156,9351.29,15.7051,11.9558,5,Yes
988,1439,1423,157,2787.03,4.82078,17.7518,4,Yes
989,1666,1004,596.701,4171,4.54929,6.99009,5,Yes
990,111,1356,1061.69,3642.21,3.92845,3.43059,3,Yes
991,1935,1867,328.111,3475.56,6.78826,10.5926,5,Yes
992,397,1745,662.785,5559.49,7.51051,8.38806,3,Yes
993,1405,1589,2153.15,13458.1,23.0913,6.25044,5,Yes
994,1597,1631,82.8993,1462.3,1.77817,17.6395,4,Yes
995,346,1334,964.112,7089.13,9.52896,7.35302,2,Yes
996,1554,1544,42.1999,560.181,0.799329,13.2744,5,Yes
997,1151,1870,2374.37,13638.8,27.0677,5.74419,5,Yes
998,1754,1721,65.5996,1198.74,1.2154,18.2735,2,Yes
999,1719,927,2075.47,12475.3,18.323,6.01083,5,Yes
